[29.17587661743164, 28.84113121032715, 28.794662475585938, 27.79777717590332, 24.822690963745117]
[29.628698348999023, 28.60089111328125, 26.749706268310547, 26.776823043823242, 25.402633666992188]
[27.073604583740234, 25.692699432373047, 25.539196014404297, 24.929250717163086, 24.649131774902344]
[27.03949546813965, 24.432146072387695, 27.36895751953125, 26.31911849975586, 24.607133865356445]
[30.47882652282715, 32.037071228027344, 31.7957820892334, 27.32560157775879, 27.915639877319336]
[28.437223434448242, 30.546783447265625, 27.512950897216797, 28.545406341552734, 26.756071090698242]
[29.17587661743164, 28.84113121032715, 28.794662475585938, 27.79777717590332, 24.822690963745117]
[29.628698348999023, 28.60089111328125, 26.749706268310547, 26.776823043823242, 25.402633666992188]
[27.073604583740234, 25.692699432373047, 25.539196014404297, 24.929250717163086, 24.649131774902344]
[27.03949546813965, 24.432146072387695, 27.36895751953125, 26.31911849975586, 24.607133865356445]
[30.47882652282715, 32.037071228027344, 31.7957820892334, 27.32560157775879, 27.915639877319336]
[28.437223434448242, 30.546783447265625, 27.512950897216797, 28.545406341552734, 26.756071090698242]
[29.17587661743164, 28.881786346435547, 29.02409553527832, 27.99375343322754, 25.114164352416992]
[29.628698348999023, 32.48096466064453, 28.72043228149414, 28.1927547454834, 26.426082611083984]
[27.191640853881836, 25.840396881103516, 26.122201919555664, 24.627336502075195, 25.039560317993164]
[25.849803924560547, 25.909936904907227, 25.868619918823242, 25.477245330810547, 26.39235496520996]
[30.4045467376709, 28.446701049804688, 27.537063598632812, 26.9858455657959, 26.07321548461914]
[28.437223434448242, 30.606130599975586, 27.5385799407959, 28.652587890625, 27.127519607543945]
[29.17587661743164, 28.881786346435547, 29.02409553527832, 27.99375343322754, 25.114164352416992]
[29.628698348999023, 32.48096466064453, 28.72043228149414, 28.1927547454834, 26.426082611083984]
[26.693416595458984, 25.388992309570312, 25.4045467376709, 25.736522674560547, 24.38292121887207]
[25.849803924560547, 25.909936904907227, 25.868619918823242, 25.477245330810547, 26.39235496520996]
[30.4045467376709, 28.446701049804688, 27.537063598632812, 26.9858455657959, 26.07321548461914]
[28.437223434448242, 30.606130599975586, 27.5385799407959, 28.652587890625, 27.127519607543945]
[29.17587661743164, 28.881786346435547, 29.02409553527832, 27.99375343322754, 25.114164352416992]
[29.628698348999023, 32.48096466064453, 28.72043228149414, 28.1927547454834, 26.426082611083984]
[26.693416595458984, 25.388992309570312, 25.4045467376709, 25.736522674560547, 24.38292121887207]
[25.849803924560547, 25.909936904907227, 25.868619918823242, 25.477245330810547, 26.39235496520996]
[30.4045467376709, 28.446701049804688, 27.537063598632812, 26.9858455657959, 26.07321548461914]
[28.437223434448242, 30.606130599975586, 27.5385799407959, 28.652587890625, 27.127519607543945]
[29.17587661743164, 28.84113121032715, 28.794662475585938, 27.79777717590332, 24.822690963745117]
[29.628698348999023, 28.60089111328125, 26.749706268310547, 26.776823043823242, 25.402633666992188]
[27.073604583740234, 25.692699432373047, 25.539196014404297, 24.929250717163086, 24.649131774902344]
[27.03949546813965, 24.432146072387695, 27.36895751953125, 26.31911849975586, 24.607133865356445]
[30.47882652282715, 32.037071228027344, 31.7957820892334, 27.32560157775879, 27.915639877319336]
[28.437223434448242, 30.546783447265625, 27.512950897216797, 28.545406341552734, 26.756071090698242]
[33.14187240600586, 31.2794246673584, 29.961299896240234, 30.603130340576172, 28.10675048828125]
[29.44208335876465, 28.541654586791992, 31.318082809448242, 27.2572021484375, 26.98893165588379]
[25.3538761138916, 29.517547607421875, 26.83945083618164, 25.439109802246094, 24.829607009887695]
[26.138761520385742, 27.39310646057129, 27.178220748901367, 26.709287643432617, 25.015670776367188]
[28.75993537902832, 32.16719436645508, 29.318096160888672, 26.852401733398438, 26.585617065429688]
[29.35748291015625, 32.3002815246582, 27.801780700683594, 27.363449096679688, 27.417509078979492]
